% data for the calculation of maximum pump efficiency as function of the
% nominal volumetric flow rate (m3/s)  

eff_max_pump_data = [...
                        0.000555556	0.3318
                        0.000969444	0.4
                        0.001388889	0.4772
                        0.001569444	0.5
                        0.002777778	0.5845
                        0.003222222	0.6
                        0.005555556	0.6484
                        0.010583333	0.7
                        0.013888889	0.7204
                        0.027777778	0.7812
                        0.037758333	0.8
                        0.055555556	0.8143
                        0.138888889	0.8642
                        0.277777778	0.8982
                        0.316833333	0.9
                        0.555555556	0.9031
                        1.388888889	0.91
                        2.777777778	0.913];