
gen_eff_m = [...
    290 0.94
    350 0.9416
    400 0.943
    450 0.944
    500 0.9448
    550 0.9455
    600 0.9462
    650 0.9468
    700 0.9475
    750 0.948
    800 0.9484
    850 0.9489
    900 0.9493
    950 0.9497
    1000 0.9501
    1050 0.9505
    1100 0.9509
    1150 0.9512
    1200 0.9515
    1250 0.9519
    1300 0.9522
    1350 0.9525
    1400 0.9529
    1450 0.9531
    1500 0.9534
    1550 0.9537
    1600 0.9540
    1650 0.9543
    1700 0.9545
    1750 0.9547
    1800 0.9549
    1850 0.9551
    1900 0.9553
    1950 0.9555
    2000 0.9557
    2050 0.9560
    2100 0.9562
    2150 0.9564
    2200 0.9566
    2250 0.9568
    2300 0.9570
    2350 0.95715
    2400 0.9573
    2450 0.95735
    2500 0.9575
    2550 0.95765
    2600 0.9578
    2650 0.95795
    2700 0.9581
    2750 0.95825
    2800 0.9584
    2850 0.95855
    2900 0.9587
    2950 0.95885
    3000 0.959];
%plot (gen_eff_m(:,1),gen_eff_m(:,2), '-' )

Load_cor_f = [...
    40 0.9729
    41 0.97385
    42 0.9748
    43 0.97575
    44 0.9763
    45 0.9772
    46 0.9782
    47 0.979
    48 0.9797
    49 0.9804
    50 0.9811
    51 0.9818
    52 0.9825
    53 0.9832
    54 0.9839
    55 0.9846
    56 0.9853
    57 0.9859
    58 0.9865
    59 0.9871
    60 0.9876
    61 0.9881
    62 0.9886
    63 0.9891
    64 0.98955
    65 0.9901
    66 0.99053
    67 0.99096
    68 0.99139
    69 0.99182
    70 0.99223
    71 0.99261
    72 0.99299
    73 0.99337
    74 0.99376
    75 0.99415
    76 0.99449
    77 0.99483
    78 0.99517
    79 0.99551
    80 0.99585
    81 0.99608
    82 0.99631
    83 0.99654
    84 0.99677
    85 0.997
    86 0.99722
    87 0.99744
    88 0.99766
    89 0.99788
    90 0.9981
    91 0.9983
    92 0.9985
    93 0.9987
    94 0.9989
    95 0.9991
    96 0.99928
    97 0.99946
    98 0.99964
    99 0.99982
    100 1];
%plot (Load_cor_f (:,1),Load_cor_f (:,2), '-' )
    


