
% input data for correction factors and steam turbine efficiency

% data for turbogenerator efficiency calculation
% figure C-2 SNAME T&R Bulletin 3-49
eff_tg_data = 1.0*[...
    4.5   250	0.590
    4.5   500	0.632
    4.5   750	0.659
    4.5  1000	0.679
    4.5  1250	0.692
    4.5	 1500	0.704
    4.5	 1750	0.712
    4.5	 2000	0.720
    7.5	  250	0.584
    7.5	  500	0.624
    7.5	  750	0.652
    7.5	 1000	0.671
    7.5	 1250	0.685
    7.5	 1500	0.697
    7.5	 1750	0.706
    7.5	 2000	0.714
    15	  250	0.578
    15	  500	0.619
    15	  750	0.648
    15	 1000	0.667
    15	 1250	0.681
    15	 1500	0.692
    15	 1750	0.700
    15	 2000	0.708];

% data for steam turbine temperature correction factor calculation
% figure C-3 SNAME T&R Bulletin 3-49
f_tcor_st_data = [...
    4.5	150	0.948
    4.5	175	0.961
    4.5	200	0.973
    4.5	225	0.985
    4.5	250	0.995
    4.5	275	1.000
    4.5	300	1.010
    4.5	325	1.020
    4.5	350	1.020
    4.5	375	1.030
    4.5	400	1.030
    7.5	150	0.940
    7.5	175	0.949
    7.5	200	0.962
    7.5	225	0.974
    7.5	250	0.985
    7.5	275	0.995
    7.5	300	1.000
    7.5	325	1.010
    7.5	350	1.020
    7.5	375	1.020
    7.5	400	1.030
    15	150	0.930
    15	175	0.938
    15	200	0.946
    15	225	0.960
    15	250	0.973
    15	275	0.985
    15	300	0.994
    15	325	1.000
    15	350	1.010
    15	375	1.020
    15	400	1.020];

% data for steam turbine back pressure correction factor calculation
% table C-1 SNAME T&R Bulletin 3-49
f_pcor_st_data = [...
                    4.5	0.025	0.968
                    4.5	0.05	0.984
                    4.5	0.075	1
                    4.5	0.15    1
                    7.5 0.025   0.974
                    7.5	0.05	0.987
                    7.5	0.075	1
                    7.5	0.15    1
                    15  0.025   0.978
                    15	0.05	0.989
                    15	0.075	1
                    15	0.15    1];

% data for steam turbine load correction factor calculation
% figure C-4 SNAME T&R Bulletin 3-49


f_Lcor_st_data = [...
    200      0  0.3074
    200     20  0.5234
    200     40	0.767
    200     45	0.81442
    200     50	0.8534
    200     55	0.88462
    200     60	0.903
    200     65	0.9202
    200     70	0.9348
    200     75	0.9483
    200     80	0.960713
    200     85	0.972142
    200     90	0.9808
    200     95	0.9903
    200     100	1.000
    300      0  0.3429
    300     20  0.5495
    300     40	0.7773
    300     45	0.8219
    300     50	0.8589
    300     55	0.8884
    300     60	0.9063
    300     65	0.9228 
    300     70	0.9372
    300     75	0.9502
    300     80	0.9621
    300     85	0.9731 
    300     90	0.9815
    300     95	0.9905
    300     100	1.000
    500      0  0.414
    500     20  0.602
    500     40	0.798
    500     45	0.837
    500     50	0.870
    500     55	0.896
    500     60	0.913
    500     65	0.928
    500     70	0.942
    500     75	0.954
    500     80	0.965
    500     85	0.975
    500     90	0.983
    500     95	0.991
    500     100	1.000
    1000     0  0.5569
    1000    20  0.7048
    1000	40	0.840
    1000	45	0.868
    1000	50	0.893
    1000	55	0.912
    1000	60	0.927
    1000	65	0.939
    1000	70	0.952
    1000	75	0.962
    1000	80	0.971
    1000	85	0.979
    1000	90	0.986
    1000	95	0.992
    1000	100	1.000
    3000     0  0.6312
    3000    20  0.7333
    3000	40	0.866
    3000	45	0.892
    3000	50	0.913
    3000	55	0.929
    3000	60	0.941
    3000	65	0.951
    3000	70	0.961
    3000	75	0.970
    3000	80	0.977
    3000	85	0.983
    3000	90	0.988
    3000	95	0.993
    3000	100	1.000 ];


% data for AC generator efficiency calculation
% figure 9.2-1 SNAME T&R Bulletin 3-49
eff_genAC_data = [...
     200	0.9367
     300	0.9401
     400	0.9429
     500	0.9448
     600	0.94622
     700	0.9475
     800	0.9484
     900	0.9493
    1000	0.9501
    1200	0.9515
    1500	0.9533
    1800	0.9548
    2000	0.9557
    2200	0.9565
    2400	0.9572
    2600	0.9578
    2800	0.9583
    3000	0.9588];

% data for AC generator load correction factor calculation
% figure 9.2-2 SNAME T&R Bulletin 3-49
f_Lcor_genAC_data = [...
    40	0.973
    45	0.9776
    50	0.9815
    55	0.9848
    60	0.9876
    65	0.9902
    70	0.9924
    75	0.9942
    80	0.9958
    85	0.9972
    90	0.9982
    95	0.9991
   100	1];


% end of input data for turbogenerator efficiency and correction factors
% calculation

