% Saturated Liquid Properties of DOWTHERM G Fluid

%Colume 1 : Temperatures in degrees C
%Colume 2 : Specific Heat in kJ/kgK
%Colume 3 : Density in kg/m^3
%Colume 4 : Viscosity in mPa*s

TO_Properties = [
-5 1.458 1066.2 0.1293 55.9;
0 1.476 1062.4 0.1288 38.2;
5 1.493 1058.5 0.1282 27.3;
10 1.511 1054.6 0.1276 20.4;
15 1.528 1050.7 0.1270 15.7;
20 1.546 1046.9 0.1264 12.5;
25 1.563 1043.0 0.1259 10.2;
30 1.581 1039.1 0.1253 8.4;
35 1.598 1035.3 0.1247 7.1;
40 1.616 1031.4 0.1241 6.1;
45 1.633 1027.5 0.1235 5.3;
50 1.651 1023.6 0.1230 4.6;
55 1.668 1019.8 0.1224 4.1;
60 1.686 1015.9 0.1218 3.65;
65 1.703 1012.0 0.1212 3.28;
70 1.720 1008.1 0.1206 2.96;
75 1.738 1004.3 0.1201 2.69;
80 1.755 1000.4 0.1195 2.46;
85 1.773 996.5 0.1189 2.26;    
90 1.790 992.6 0.1183 2.08;
95 1.808 988.8 0.1177 1.92;
100 1.825 984.9 0.1172 1.78;
105 1.843 981.0 0.1166 1.66;
110 1.860 977.1 0.1160 1.55;
115 1.878 973.3 0.1154 1.45;
120 1.895 969.4 0.1148 1.36;
125 1.913 965.5 0.1143 1.27;
130 1.930 961.6 0.1137 1.20;
135 1.948 957.8 0.1131 1.13;
140 1.965 953.9 0.1125 1.07;
145 1.983 950.0 0.1119 1.01; 
150 2.000 946.1 0.1114 0.96;
155 2.018 942.3 0.1108 0.91;
160 2.035 938.4 0.1102 0.86;
165 2.053 934.5 0.1096 0.82;
170 2.070 930.7 0.1090 0.78;
175 2.088 926.8 0.1085 0.74;
180 2.105 922.9 0.1079 0.71;
185 2.123 919.0 0.1073 0.68;
190 2.140 915.2 0.1067 0.65;
195 2.158 911.3 0.1061 0.62;
200 2.175 907.4 0.1056 0.59;
205 2.193 903.5 0.1050 0.57;
210 2.210 899.7 0.1044 0.55;
215 2.228 895.8 0.1038 0.52;
220 2.245 891.9 0.1032 0.50;
225 2.263 888.0 0.1027 0.48;
230 2.280 884.2 0.1021 0.47;
235 2.297 880.3 0.1015 0.45;
240 2.315 876.4 0.1009 0.43;
245 2.332 872.5 0.1003 0.42;
250 2.350 868.7 0.0998 0.40;
255 2.367 864.8 0.0992 0.39;
260 2.385 860.9 0.0986 0.37;
265 2.402 857.0 0.0980 0.36;
270 2.420 853.2 0.0974 0.35;
275 2.437 849.3 0.0969 0.34;
280 2.455 845.4 0.0963 0.33;
285 2.472 841.6 0.0957 0.32;
290 2.490 837.7 0.0951 0.31;
295 2.507 833.8 0.0945 0.30;
300 2.525 829.9 0.0940 0.29;
305 2.542 826.1 0.0934 0.28;
310 2.560 822.2 0.0928 0.27;
315 2.577 818.3 0.0922 0.27;
320 2.595 814.4 0.0916 0.26;
325 2.612 810.6 0.0911 0.25;
330 2.630 806.7 0.0905 0.24;
335 2.647 802.8 0.0899 0.24;
340 2.665 798.9 0.0893 0.23;
345 2.682 795.1 0.0887 0.22;
350 2.700 791.2 0.0882 0.22;
355 2.717 787.3 0.0876 0.21;
360 2.735 783.4 0.0870 0.21;
365 2.752 779.6 0.0864 0.20;
370 2.770 775.7 0.0858 0.20;
375 2.787 771.8 0.0853 0.19;
380 2.805 767.9 0.0847 0.19];
