gen_eff_is = [...
0.250 0.8295
0.275 0.8335
0.300 0.8375
0.325 0.8407
0.350 0.8439
0.375 0.8471
0.400 0.8502
0.425 0.8533
0.450 0.8564
0.475 0.8595
0.500 0.8625
0.525 0.8641
0.550 0.8656
0.575 0.8672
0.600 0.8687
0.625 0.8702
0.650 0.8719
];
%plot (gen_eff_is(:,1),gen_eff_is(:,2), '-' )
